-14 -14
-14 -14
14 -14
14 -14
-14 44
-14 44
-14 -14
-14 -14
-14 -44
-14 -44
-14 -14
-14 -14
44 44
44 44
14 -44
14 -44
44 -14
44 -14
-44 14
-44 14
14 14
14 14
44 -14
44 -14
44 44
44 44
14 -14
14 -14
-44 14
-44 14
-44 -44
-44 -44
-44 44
-44 44
44 44
44 44
44 14
44 14
-44 -14
-44 -14
-14 -14
-14 -14
-44 44
-44 44
44 14
44 14
14 -14
14 -14
-44 -44
-44 -44
-14 44
-14 44
-44 -44
-44 -44
14 14
14 14
-44 -44
-44 -44
44 -14
44 -14
-14 14
-14 14
14 44
14 44
44 -44
44 -44
-14 14
-14 14
14 44
14 44
14 14
14 14
-14 -14
-14 -14
-44 14
-44 14
14 14
14 14
-14 -44
-14 -44
-44 -44
-44 -44
-14 44
-14 44
-14 -14
-14 -14
